1	|	1	|	no rank	|		|	8	|	0	|	1	|	0	|	0	|	0	|	0	|	0	|		|
2	|	131567	|	superkingdom	|		|	0	|	0	|	11	|	0	|	0	|	0	|	0	|	0	|		|
234	|	118882	|	genus	|		|	0	|	1	|	11	|	1	|	0	|	1	|	0	|	0	|		|
235	|	234	|	species	|	BA	|	0	|	1	|	11	|	1	|	0	|	1	|	1	|	0	|		|
236	|	234	|	species	|	BO	|	0	|	1	|	11	|	1	|	0	|	1	|	1	|	0	|		|
356	|	28211	|	order	|		|	0	|	1	|	11	|	1	|	0	|	1	|	0	|	0	|		|
1060	|	31989	|	genus	|		|	0	|	1	|	11	|	1	|	0	|	1	|	0	|	0	|		|
1063	|	1060	|	species	|	RS	|	0	|	1	|	11	|	1	|	0	|	1	|	1	|	0	|		|
1224	|	2	|	phylum	|		|	0	|	1	|	11	|	1	|	0	|	1	|	0	|	0	|		|
1239	|	1783272	|	phylum	|		|	0	|	1	|	11	|	1	|	0	|	1	|	0	|	0	|		|
1385	|	91061	|	order	|		|	0	|	1	|	11	|	1	|	0	|	1	|	0	|	0	|		|
1485	|	31979	|	genus	|		|	0	|	1	|	11	|	1	|	0	|	1	|	0	|	0	|		|
1507	|	1485	|	species	|	CS	|	0	|	1	|	11	|	1	|	0	|	1	|	1	|	0	|		|
1637	|	186820	|	genus	|		|	0	|	1	|	11	|	1	|	0	|	1	|	0	|	0	|		|
1642	|	1637	|	species	|	LI	|	0	|	1	|	11	|	1	|	0	|	1	|	1	|	0	|		|
1743	|	31957	|	genus	|		|	0	|	1	|	11	|	1	|	0	|	1	|	0	|	0	|		|
1744	|	1743	|	species	|	PF	|	0	|	1	|	11	|	1	|	0	|	1	|	1	|	0	|		|
1752	|	1744	|	subspecies	|	PF	|	0	|	1	|	11	|	1	|	0	|	1	|	1	|	0	|		|
1760	|	201174	|	class	|		|	0	|	1	|	11	|	1	|	0	|	1	|	1	|	0	|		|
1762	|	85007	|	family	|		|	0	|	1	|	11	|	1	|	0	|	1	|	0	|	0	|		|
1763	|	1762	|	genus	|		|	0	|	1	|	11	|	1	|	0	|	1	|	0	|	0	|		|
1765	|	1773	|	no rank	|		|	0	|	1	|	11	|	1	|	0	|	1	|	1	|	0	|		|
1772	|	1866885	|	species	|	MS	|	0	|	1	|	11	|	1	|	0	|	1	|	1	|	0	|		|
1773	|	77643	|	species	|	MT	|	0	|	1	|	11	|	1	|	0	|	1	|	1	|	0	|		|
2759	|	131567	|	superkingdom	|		|	1	|	0	|	1	|	0	|	1	|	0	|	0	|	0	|		|
2870	|	569578	|	class	|		|	4	|	1	|	1	|	1	|	1	|	1	|	0	|	0	|		|
3009	|	2870	|	order	|		|	4	|	1	|	1	|	1	|	1	|	1	|	0	|	0	|		|
3010	|	3009	|	family	|		|	4	|	1	|	1	|	1	|	1	|	1	|	0	|	0	|		|
3011	|	3010	|	genus	|		|	4	|	1	|	1	|	1	|	1	|	1	|	0	|	0	|		|
3041	|	33090	|	phylum	|		|	4	|	1	|	1	|	1	|	1	|	1	|	0	|	0	|		|
3042	|	3166	|	order	|		|	4	|	1	|	1	|	1	|	1	|	1	|	0	|	0	|		|
3051	|	3042	|	family	|		|	4	|	1	|	1	|	1	|	1	|	1	|	0	|	0	|		|
3052	|	3051	|	genus	|		|	4	|	1	|	1	|	1	|	1	|	1	|	0	|	0	|		|
3055	|	3052	|	species	|	CR	|	4	|	1	|	1	|	1	|	1	|	1	|	1	|	0	|		|
3166	|	3041	|	class	|		|	4	|	1	|	1	|	1	|	1	|	1	|	0	|	0	|		|
3193	|	131221	|	no rank	|		|	4	|	1	|	1	|	1	|	1	|	0	|	0	|	0	|		|
3313	|	1437180	|	subclass	|		|	4	|	1	|	1	|	1	|	1	|	1	|	0	|	0	|		|
3318	|	1446380	|	family	|		|	4	|	1	|	1	|	1	|	1	|	1	|	0	|	0	|		|
3356	|	3318	|	genus	|		|	4	|	1	|	1	|	1	|	1	|	1	|	0	|	0	|		|
3357	|	3356	|	species	|	PM	|	4	|	1	|	1	|	1	|	1	|	1	|	1	|	0	|		|
3398	|	58024	|	no rank	|		|	4	|	1	|	1	|	1	|	1	|	1	|	0	|	0	|		|
3524	|	1437201	|	order	|		|	4	|	1	|	1	|	1	|	1	|	1	|	0	|	0	|		|
3542	|	3524	|	family	|		|	4	|	1	|	1	|	1	|	1	|	1	|	0	|	0	|		|
3543	|	3542	|	genus	|		|	4	|	1	|	1	|	1	|	1	|	1	|	0	|	0	|		|
3544	|	1803519	|	species	|	MC	|	4	|	1	|	1	|	1	|	1	|	1	|	1	|	0	|		|
3561	|	1307775	|	genus	|		|	4	|	1	|	1	|	1	|	1	|	1	|	0	|	0	|		|
3562	|	3561	|	species	|	SO	|	4	|	1	|	1	|	1	|	1	|	1	|	1	|	0	|		|
3615	|	3524	|	family	|		|	4	|	1	|	1	|	1	|	1	|	1	|	0	|	0	|		|
3616	|	1110383	|	genus	|		|	4	|	1	|	1	|	1	|	1	|	1	|	0	|	0	|		|
3617	|	3616	|	species	|	FE	|	4	|	1	|	1	|	1	|	1	|	1	|	1	|	0	|		|
3646	|	91835	|	order	|		|	4	|	1	|	1	|	1	|	1	|	1	|	0	|	0	|		|
3650	|	71239	|	family	|		|	4	|	1	|	1	|	1	|	1	|	1	|	0	|	0	|		|
3660	|	1003878	|	genus	|		|	4	|	1	|	1	|	1	|	1	|	1	|	0	|	0	|		|
3661	|	3660	|	species	|	CM	|	4	|	1	|	1	|	1	|	1	|	1	|	1	|	0	|		|
3688	|	3646	|	family	|		|	4	|	1	|	1	|	1	|	1	|	1	|	0	|	0	|		|
3689	|	238069	|	genus	|		|	4	|	1	|	1	|	1	|	1	|	1	|	0	|	0	|		|
3699	|	91836	|	order	|		|	4	|	1	|	1	|	1	|	1	|	1	|	0	|	0	|		|
3700	|	3699	|	family	|		|	4	|	1	|	1	|	1	|	1	|	1	|	0	|	0	|		|
3701	|	980083	|	genus	|		|	4	|	1	|	1	|	1	|	1	|	1	|	0	|	0	|		|
3702	|	3701	|	species	|	AT	|	4	|	1	|	1	|	1	|	1	|	1	|	1	|	0	|		|
3744	|	91835	|	order	|		|	4	|	1	|	1	|	1	|	1	|	1	|	0	|	0	|		|
3745	|	3744	|	family	|		|	4	|	1	|	1	|	1	|	1	|	1	|	0	|	0	|		|
3746	|	1184124	|	genus	|		|	4	|	1	|	1	|	1	|	1	|	1	|	0	|	0	|		|
3747	|	3746	|	species	|	FX	|	4	|	1	|	1	|	1	|	1	|	1	|	1	|	0	|		|
3803	|	72025	|	family	|		|	4	|	1	|	1	|	1	|	1	|	1	|	0	|	0	|		|
3814	|	3803	|	subfamily	|		|	4	|	1	|	1	|	1	|	1	|	1	|	0	|	0	|		|
3846	|	163735	|	genus	|		|	4	|	1	|	1	|	1	|	1	|	1	|	0	|	0	|		|
3847	|	1462606	|	species	|	GM	|	4	|	1	|	1	|	1	|	1	|	1	|	1	|	0	|		|
3887	|	163743	|	genus	|		|	4	|	1	|	1	|	1	|	1	|	1	|	0	|	0	|		|
3888	|	3887	|	species	|	PS	|	4	|	1	|	1	|	1	|	1	|	1	|	1	|	0	|		|
3904	|	163743	|	genus	|		|	4	|	1	|	1	|	1	|	1	|	1	|	0	|	0	|		|
3906	|	3904	|	species	|	VF	|	4	|	1	|	1	|	1	|	1	|	1	|	1	|	0	|		|
3934	|	41944	|	family	|		|	4	|	1	|	1	|	1	|	1	|	1	|	0	|	0	|		|
3939	|	1585432	|	genus	|		|	4	|	1	|	1	|	1	|	1	|	1	|	0	|	0	|		|
4036	|	91882	|	order	|		|	4	|	1	|	1	|	1	|	1	|	1	|	0	|	0	|		|
4037	|	364270	|	family	|		|	4	|	1	|	1	|	1	|	1	|	1	|	0	|	0	|		|
4038	|	241799	|	genus	|		|	4	|	1	|	1	|	1	|	1	|	1	|	0	|	0	|		|
4039	|	1873447	|	species	|	DC	|	4	|	1	|	1	|	1	|	1	|	1	|	1	|	0	|		|
4055	|	91888	|	order	|		|	4	|	1	|	1	|	1	|	1	|	1	|	0	|	0	|		|
4056	|	4055	|	family	|		|	4	|	1	|	1	|	1	|	1	|	1	|	0	|	0	|		|
4057	|	1498435	|	genus	|		|	4	|	1	|	1	|	1	|	1	|	1	|	0	|	0	|		|
4058	|	4057	|	species	|	CR	|	4	|	1	|	1	|	1	|	1	|	1	|	1	|	0	|		|
4069	|	91888	|	order	|		|	4	|	1	|	1	|	1	|	1	|	1	|	0	|	0	|		|
4070	|	4069	|	family	|		|	4	|	1	|	1	|	1	|	1	|	1	|	0	|	0	|		|
4081	|	49274	|	species	|	SL	|	4	|	1	|	1	|	1	|	1	|	1	|	1	|	0	|		|
4085	|	424562	|	genus	|		|	4	|	1	|	1	|	1	|	1	|	1	|	0	|	0	|		|
4097	|	4085	|	species	|	NT	|	4	|	1	|	1	|	1	|	1	|	1	|	1	|	0	|		|
4107	|	424574	|	genus	|		|	4	|	1	|	1	|	1	|	1	|	1	|	0	|	0	|		|
4113	|	4107	|	species	|	ST	|	4	|	1	|	1	|	1	|	1	|	1	|	1	|	0	|		|
4143	|	91888	|	order	|		|	4	|	1	|	1	|	1	|	1	|	1	|	0	|	0	|		|
4180	|	4143	|	family	|		|	4	|	1	|	1	|	1	|	1	|	1	|	0	|	0	|		|
4181	|	4180	|	genus	|		|	4	|	1	|	1	|	1	|	1	|	1	|	0	|	0	|		|
4182	|	4181	|	species	|	SI	|	4	|	1	|	1	|	1	|	1	|	1	|	1	|	0	|		|
4209	|	91882	|	order	|		|	4	|	1	|	1	|	1	|	1	|	1	|	0	|	0	|		|
4210	|	4209	|	family	|		|	4	|	1	|	1	|	1	|	1	|	1	|	0	|	0	|		|
4231	|	102814	|	genus	|		|	4	|	1	|	1	|	1	|	1	|	1	|	0	|	0	|		|
4232	|	4231	|	species	|	HA	|	4	|	1	|	1	|	1	|	1	|	1	|	1	|	0	|		|
4447	|	1437183	|	class	|		|	4	|	1	|	1	|	1	|	1	|	1	|	0	|	0	|		|
4479	|	38820	|	family	|		|	4	|	1	|	1	|	1	|	1	|	1	|	0	|	0	|		|
4512	|	1648017	|	genus	|		|	4	|	1	|	1	|	1	|	1	|	1	|	0	|	0	|		|
4513	|	4512	|	species	|	HV	|	4	|	1	|	1	|	1	|	1	|	1	|	1	|	0	|		|
4527	|	1648021	|	genus	|		|	4	|	1	|	1	|	1	|	1	|	1	|	0	|	0	|		|
4530	|	4527	|	species	|	OS	|	4	|	1	|	1	|	1	|	1	|	1	|	0	|	0	|		|
4575	|	1648029	|	genus	|		|	4	|	1	|	1	|	1	|	1	|	1	|	0	|	0	|		|
4577	|	4575	|	species	|	ZM	|	4	|	1	|	1	|	1	|	1	|	1	|	1	|	0	|		|
4667	|	1437197	|	order	|		|	4	|	1	|	1	|	1	|	1	|	1	|	0	|	0	|		|
4677	|	4667	|	family	|		|	4	|	1	|	1	|	1	|	1	|	1	|	0	|	0	|		|
4688	|	4677	|	genus	|		|	4	|	1	|	1	|	1	|	1	|	1	|	0	|	0	|		|
4690	|	4688	|	species	|	LL	|	4	|	1	|	1	|	1	|	1	|	1	|	1	|	0	|		|
4734	|	1437197	|	no rank	|		|	4	|	1	|	1	|	1	|	1	|	1	|	1	|	0	|		|
4751	|	33154	|	kingdom	|		|	4	|	0	|	1	|	1	|	4	|	0	|	0	|	0	|		|
4890	|	451864	|	phylum	|		|	4	|	1	|	1	|	1	|	4	|	1	|	0	|	0	|		|
4891	|	147537	|	class	|		|	4	|	0	|	1	|	1	|	3	|	0	|	0	|	0	|		|
4892	|	4891	|	order	|		|	4	|	1	|	1	|	1	|	3	|	1	|	0	|	0	|		|
5125	|	222543	|	order	|		|	4	|	1	|	1	|	1	|	4	|	1	|	0	|	0	|		|
5129	|	5125	|	family	|		|	4	|	1	|	1	|	1	|	4	|	1	|	0	|	0	|		|
5476	|	1535326	|	species	|	CA	|	4	|	1	|	12	|	0	|	4	|	0	|	1	|	0	|		|
5543	|	5129	|	genus	|		|	4	|	1	|	1	|	1	|	4	|	1	|	0	|	0	|		|
5544	|	5543	|	species	|	TH	|	4	|	1	|	1	|	1	|	4	|	1	|	1	|	0	|		|
5758	|	33084	|	genus	|		|	1	|	1	|	1	|	1	|	1	|	1	|	0	|	0	|		|
5759	|	5758	|	species	|	EH	|	1	|	1	|	1	|	1	|	1	|	1	|	1	|	0	|		|
5782	|	2058185	|	genus	|		|	1	|	1	|	1	|	1	|	1	|	1	|	0	|	0	|		|
5794	|	33630	|	phylum	|		|	1	|	1	|	1	|	1	|	4	|	1	|	0	|	0	|		|
5796	|	1280412	|	subclass	|		|	1	|	1	|	1	|	1	|	4	|	1	|	0	|	0	|		|
5799	|	423054	|	family	|		|	1	|	1	|	1	|	1	|	4	|	1	|	0	|	0	|		|
5800	|	5799	|	genus	|		|	1	|	1	|	1	|	1	|	4	|	1	|	0	|	0	|		|
5802	|	5800	|	species	|	ET	|	1	|	1	|	1	|	1	|	4	|	1	|	1	|	0	|		|
5809	|	423054	|	family	|		|	1	|	1	|	1	|	1	|	4	|	1	|	0	|	0	|		|
5819	|	422676	|	order	|		|	1	|	1	|	1	|	1	|	4	|	1	|	0	|	0	|		|
5820	|	1639119	|	genus	|		|	1	|	1	|	1	|	1	|	4	|	1	|	0	|	0	|		|
5850	|	418103	|	species	|	PK	|	1	|	1	|	1	|	1	|	4	|	1	|	1	|	0	|		|
5863	|	422676	|	order	|		|	1	|	1	|	1	|	1	|	4	|	1	|	0	|	0	|		|
5873	|	27994	|	genus	|		|	1	|	1	|	1	|	1	|	4	|	1	|	0	|	0	|		|
5874	|	5873	|	species	|	TA	|	1	|	1	|	1	|	1	|	4	|	1	|	1	|	0	|		|
5875	|	5873	|	species	|	TP	|	1	|	1	|	1	|	1	|	4	|	1	|	1	|	0	|		|
6029	|	112252	|	phylum	|		|	4	|	1	|	1	|	1	|	1	|	0	|	0	|	0	|		|
6032	|	6029	|	suborder	|		|	4	|	1	|	1	|	1	|	1	|	1	|	1	|	0	|		|
6033	|	36734	|	genus	|		|	4	|	1	|	1	|	1	|	1	|	1	|	0	|	0	|		|
6035	|	6033	|	species	|	EC	|	4	|	1	|	1	|	1	|	1	|	1	|	1	|	0	|		|
6072	|	33208	|	no rank	|		|	1	|	1	|	1	|	1	|	5	|	0	|	1	|	0	|		|
6157	|	33213	|	phylum	|		|	1	|	1	|	1	|	1	|	9	|	0	|	0	|	0	|		|
6178	|	6157	|	class	|		|	1	|	1	|	1	|	1	|	9	|	1	|	0	|	0	|		|
6179	|	6178	|	subclass	|		|	1	|	1	|	1	|	1	|	9	|	1	|	0	|	0	|		|
6180	|	6179	|	order	|		|	1	|	1	|	1	|	1	|	9	|	1	|	0	|	0	|		|
6181	|	31245	|	genus	|		|	1	|	1	|	1	|	1	|	9	|	1	|	0	|	0	|		|
6183	|	6181	|	species	|	SM	|	1	|	1	|	1	|	1	|	9	|	1	|	1	|	0	|		|
6199	|	6157	|	class	|		|	1	|	1	|	1	|	1	|	9	|	1	|	0	|	0	|		|
6200	|	6199	|	subclass	|		|	1	|	1	|	1	|	1	|	9	|	1	|	0	|	0	|		|
6201	|	6200	|	order	|		|	1	|	1	|	1	|	1	|	9	|	1	|	0	|	0	|		|
6208	|	6201	|	family	|		|	1	|	1	|	1	|	1	|	9	|	1	|	0	|	0	|		|
6209	|	6208	|	genus	|		|	1	|	1	|	1	|	1	|	9	|	1	|	0	|	0	|		|
6210	|	2212966	|	species	|	EG	|	1	|	1	|	1	|	1	|	9	|	1	|	1	|	0	|		|
6211	|	6209	|	species	|	EM	|	1	|	1	|	1	|	1	|	9	|	1	|	1	|	0	|		|
6231	|	1206794	|	phylum	|		|	1	|	1	|	1	|	1	|	5	|	1	|	0	|	0	|		|
6236	|	119089	|	order	|		|	1	|	1	|	1	|	1	|	5	|	1	|	0	|	0	|		|
6237	|	55885	|	genus	|		|	1	|	1	|	1	|	1	|	5	|	1	|	0	|	0	|		|
6239	|	6237	|	species	|	CE	|	1	|	1	|	1	|	1	|	5	|	1	|	1	|	0	|		|
6243	|	55879	|	family	|		|	1	|	1	|	1	|	1	|	5	|	1	|	0	|	0	|		|
6656	|	88770	|	phylum	|		|	1	|	1	|	1	|	1	|	5	|	1	|	0	|	0	|		|
6960	|	197562	|	subphylum	|		|	1	|	1	|	1	|	1	|	5	|	1	|	0	|	0	|		|
7088	|	85604	|	order	|		|	1	|	1	|	1	|	1	|	5	|	1	|	0	|	0	|		|
7089	|	37569	|	family	|		|	1	|	1	|	1	|	1	|	5	|	1	|	0	|	0	|		|
7090	|	475327	|	genus	|		|	1	|	1	|	1	|	1	|	5	|	1	|	0	|	0	|		|
7091	|	7090	|	species	|	BM	|	1	|	1	|	1	|	1	|	5	|	1	|	1	|	0	|		|
7147	|	33392	|	order	|		|	1	|	1	|	1	|	1	|	5	|	1	|	0	|	0	|		|
7148	|	7147	|	suborder	|		|	1	|	1	|	1	|	1	|	5	|	1	|	0	|	0	|		|
7157	|	41827	|	family	|		|	1	|	1	|	1	|	1	|	5	|	1	|	0	|	0	|		|
7158	|	1056966	|	genus	|		|	1	|	1	|	1	|	1	|	5	|	1	|	0	|	0	|		|
7159	|	53541	|	species	|	AA	|	1	|	1	|	1	|	1	|	5	|	1	|	1	|	0	|		|
7203	|	7147	|	suborder	|		|	1	|	1	|	1	|	1	|	5	|	1	|	0	|	0	|		|
7214	|	43746	|	family	|		|	1	|	1	|	1	|	1	|	5	|	1	|	0	|	0	|		|
7215	|	46877	|	genus	|		|	1	|	1	|	1	|	1	|	5	|	1	|	0	|	0	|		|
7227	|	32351	|	species	|	DM	|	1	|	1	|	1	|	1	|	5	|	1	|	1	|	0	|		|
7496	|	85512	|	subclass	|		|	1	|	1	|	1	|	1	|	5	|	1	|	0	|	0	|		|
7711	|	33511	|	phylum	|		|	1	|	1	|	1	|	1	|	5	|	1	|	0	|	0	|		|
7742	|	89593	|	no rank	|		|	10	|	0	|	1	|	1	|	2	|	1	|	0	|	0	|		|
7776	|	7742	|	no rank	|		|	10	|	1	|	1	|	1	|	2	|	1	|	1	|	0	|		|
7777	|	7776	|	class	|		|	10	|	1	|	1	|	1	|	2	|	1	|	0	|	0	|		|
7778	|	7777	|	subclass	|		|	10	|	1	|	1	|	1	|	2	|	1	|	0	|	0	|		|
7826	|	30483	|	family	|		|	10	|	1	|	1	|	1	|	2	|	1	|	0	|	0	|		|
7829	|	7826	|	genus	|		|	10	|	1	|	1	|	1	|	2	|	1	|	0	|	0	|		|
7830	|	7829	|	species	|	SC	|	10	|	1	|	1	|	1	|	2	|	1	|	1	|	0	|		|
7839	|	30483	|	family	|		|	10	|	1	|	1	|	1	|	2	|	1	|	0	|	0	|		|
7840	|	7839	|	genus	|		|	10	|	1	|	1	|	1	|	2	|	1	|	0	|	0	|		|
7898	|	117571	|	superclass	|		|	10	|	1	|	1	|	1	|	2	|	1	|	0	|	0	|		|
7952	|	186627	|	order	|		|	10	|	1	|	1	|	1	|	2	|	1	|	0	|	0	|		|
7953	|	30727	|	family	|		|	10	|	1	|	1	|	1	|	2	|	1	|	0	|	0	|		|
7954	|	7953	|	genus	|		|	10	|	1	|	1	|	1	|	2	|	1	|	0	|	0	|		|
7955	|	7954	|	species	|	DR	|	10	|	1	|	1	|	1	|	2	|	1	|	1	|	0	|		|
8006	|	41705	|	order	|		|	10	|	1	|	1	|	1	|	2	|	1	|	0	|	0	|		|
8015	|	8006	|	family	|		|	10	|	1	|	1	|	1	|	2	|	1	|	0	|	0	|		|
8016	|	504568	|	genus	|		|	10	|	1	|	1	|	1	|	2	|	1	|	0	|	0	|		|
8022	|	8016	|	species	|	OM	|	10	|	1	|	1	|	1	|	2	|	1	|	1	|	0	|		|
8287	|	117571	|	superclass	|		|	10	|	1	|	1	|	1	|	2	|	1	|	1	|	0	|		|
8292	|	32523	|	class	|		|	10	|	1	|	1	|	1	|	2	|	1	|	0	|	0	|		|
8342	|	41666	|	order	|		|	10	|	1	|	1	|	1	|	2	|	1	|	0	|	0	|		|
8352	|	30319	|	family	|		|	10	|	1	|	1	|	1	|	2	|	1	|	0	|	0	|		|
8353	|	8360	|	genus	|		|	10	|	1	|	1	|	1	|	2	|	1	|	0	|	0	|		|
8355	|	262014	|	species	|	XL	|	10	|	1	|	1	|	1	|	2	|	1	|	1	|	0	|		|
8360	|	8352	|	subfamily	|		|	10	|	1	|	1	|	1	|	2	|	1	|	0	|	0	|		|
8363	|	8353	|	subgenus	|		|	10	|	1	|	1	|	1	|	2	|	1	|	0	|	0	|		|
8364	|	8363	|	species	|	XT	|	10	|	1	|	1	|	1	|	2	|	1	|	1	|	0	|		|
8457	|	32524	|	no rank	|		|	10	|	1	|	1	|	1	|	2	|	1	|	1	|	0	|		|
8492	|	1329799	|	no rank	|		|	10	|	1	|	1	|	1	|	2	|	1	|	0	|	0	|		|
8782	|	436492	|	class	|		|	10	|	1	|	1	|	1	|	2	|	1	|	0	|	0	|		|
8825	|	8782	|	infraclass	|		|	10	|	1	|	1	|	1	|	2	|	1	|	0	|	0	|		|
8976	|	1549675	|	order	|		|	10	|	1	|	1	|	1	|	2	|	1	|	0	|	0	|		|
9005	|	8976	|	family	|		|	10	|	1	|	1	|	1	|	2	|	1	|	0	|	0	|		|
9030	|	9072	|	genus	|		|	10	|	1	|	1	|	1	|	2	|	1	|	0	|	0	|		|
9031	|	9030	|	species	|	GG	|	10	|	1	|	1	|	1	|	2	|	1	|	1	|	0	|		|
9072	|	9005	|	subfamily	|		|	10	|	1	|	1	|	1	|	2	|	1	|	0	|	0	|		|
9347	|	32525	|	no rank	|		|	2	|	1	|	1	|	1	|	2	|	1	|	0	|	0	|		|
9443	|	314146	|	order	|		|	5	|	0	|	1	|	1	|	2	|	1	|	0	|	0	|		|
9526	|	314293	|	parvorder	|		|	5	|	1	|	1	|	1	|	2	|	1	|	0	|	0	|		|
9527	|	314294	|	family	|		|	5	|	1	|	1	|	1	|	2	|	1	|	0	|	0	|		|
9528	|	9527	|	subfamily	|		|	5	|	1	|	1	|	1	|	2	|	1	|	0	|	0	|		|
9539	|	9528	|	genus	|		|	5	|	1	|	1	|	1	|	2	|	1	|	0	|	0	|		|
9541	|	9539	|	species	|	MF	|	5	|	1	|	1	|	1	|	2	|	1	|	1	|	0	|		|
9599	|	607660	|	genus	|		|	5	|	1	|	1	|	1	|	2	|	1	|	0	|	0	|		|
9601	|	9599	|	species	|	PA	|	5	|	1	|	1	|	1	|	2	|	1	|	1	|	0	|		|
9604	|	314295	|	family	|		|	5	|	1	|	1	|	1	|	2	|	1	|	0	|	0	|		|
9605	|	207598	|	genus	|		|	5	|	1	|	1	|	1	|	2	|	1	|	0	|	0	|		|
9606	|	9605	|	species	|	HS	|	5	|	1	|	1	|	1	|	2	|	1	|	1	|	0	|		|
9845	|	91561	|	suborder	|		|	2	|	1	|	1	|	1	|	2	|	1	|	0	|	0	|		|
9895	|	35500	|	family	|		|	2	|	1	|	1	|	1	|	2	|	1	|	0	|	0	|		|
9903	|	27592	|	genus	|		|	2	|	1	|	1	|	1	|	2	|	1	|	0	|	0	|		|
9913	|	9903	|	species	|	BT	|	2	|	1	|	1	|	1	|	2	|	1	|	1	|	0	|		|
9935	|	9963	|	genus	|		|	2	|	1	|	1	|	1	|	2	|	1	|	0	|	0	|		|
9940	|	9935	|	species	|	OA	|	2	|	1	|	1	|	1	|	2	|	1	|	1	|	0	|		|
9963	|	9895	|	subfamily	|		|	2	|	1	|	1	|	1	|	2	|	1	|	0	|	0	|		|
9975	|	314147	|	order	|		|	2	|	1	|	1	|	1	|	2	|	1	|	0	|	0	|		|
9979	|	9975	|	family	|		|	2	|	1	|	1	|	1	|	2	|	1	|	0	|	0	|		|
9984	|	9979	|	genus	|		|	2	|	1	|	1	|	1	|	2	|	1	|	0	|	0	|		|
9986	|	9984	|	species	|	OC	|	2	|	1	|	1	|	1	|	2	|	1	|	1	|	0	|		|
9989	|	314147	|	order	|		|	6	|	0	|	1	|	1	|	2	|	1	|	0	|	0	|		|
10066	|	337687	|	family	|		|	6	|	1	|	1	|	1	|	2	|	1	|	0	|	0	|		|
10088	|	39107	|	genus	|		|	6	|	1	|	1	|	1	|	2	|	1	|	0	|	0	|		|
10090	|	862507	|	species	|	MM	|	6	|	1	|	1	|	1	|	2	|	1	|	1	|	0	|		|
10114	|	39107	|	genus	|		|	6	|	1	|	1	|	1	|	2	|	1	|	0	|	0	|		|
10116	|	10114	|	species	|	RN	|	6	|	1	|	1	|	1	|	2	|	1	|	1	|	0	|		|
10239	|	1	|	superkingdom	|		|	9	|	0	|	1	|	0	|	0	|	0	|	0	|	0	|		|
10486	|	35237	|	family	|		|	9	|	1	|	1	|	1	|	0	|	1	|	0	|	0	|		|
10487	|	2017757	|	genus	|		|	9	|	1	|	1	|	1	|	0	|	1	|	0	|	0	|		|
10491	|	2017757	|	genus	|		|	9	|	1	|	1	|	1	|	0	|	1	|	0	|	0	|		|
10492	|	2017756	|	genus	|		|	9	|	1	|	1	|	1	|	0	|	1	|	0	|	0	|		|
10493	|	10492	|	species	|	FV	|	9	|	1	|	1	|	1	|	0	|	1	|	1	|	0	|		|
10497	|	39743	|	species	|	AS	|	9	|	1	|	1	|	1	|	0	|	1	|	1	|	0	|		|
10498	|	10497	|	no rank	|		|	9	|	1	|	1	|	1	|	0	|	1	|	1	|	0	|		|
10500	|	10497	|	no rank	|		|	9	|	1	|	1	|	1	|	0	|	1	|	1	|	0	|		|
10508	|	35237	|	family	|		|	9	|	1	|	1	|	1	|	0	|	1	|	0	|	0	|		|
10780	|	29258	|	family	|		|	9	|	1	|	1	|	1	|	0	|	1	|	0	|	0	|		|
10798	|	1511900	|	no rank	|		|	9	|	1	|	1	|	1	|	0	|	1	|	1	|	0	|		|
27592	|	9895	|	subfamily	|		|	2	|	1	|	1	|	1	|	2	|	1	|	0	|	0	|		|
27994	|	5863	|	family	|		|	1	|	1	|	1	|	1	|	4	|	1	|	0	|	0	|		|
28211	|	1224	|	class	|		|	0	|	1	|	11	|	1	|	0	|	1	|	0	|	0	|		|
29175	|	5809	|	genus	|		|	1	|	1	|	1	|	1	|	4	|	1	|	0	|	0	|		|
29176	|	29175	|	species	|	NC	|	1	|	1	|	1	|	1	|	4	|	1	|	1	|	0	|		|
29258	|	10239	|	no rank	|		|	9	|	1	|	1	|	1	|	0	|	1	|	0	|	0	|		|
29459	|	234	|	species	|	BM	|	0	|	1	|	11	|	1	|	0	|	1	|	1	|	0	|		|
29461	|	234	|	species	|	BS	|	0	|	1	|	11	|	1	|	0	|	1	|	1	|	0	|		|
30319	|	8342	|	superfamily	|		|	10	|	1	|	1	|	1	|	2	|	1	|	0	|	0	|		|
30483	|	119195	|	order	|		|	10	|	1	|	1	|	1	|	2	|	1	|	0	|	0	|		|
30494	|	7840	|	species	|	TS	|	10	|	1	|	1	|	1	|	2	|	1	|	1	|	0	|		|
30727	|	7952	|	suborder	|		|	10	|	1	|	1	|	1	|	2	|	1	|	1	|	0	|		|
31244	|	6180	|	superfamily	|		|	1	|	1	|	1	|	1	|	9	|	1	|	0	|	0	|		|
31245	|	31244	|	family	|		|	1	|	1	|	1	|	1	|	9	|	1	|	0	|	0	|		|
31957	|	85009	|	family	|		|	0	|	1	|	11	|	1	|	0	|	1	|	0	|	0	|		|
31979	|	186802	|	family	|		|	0	|	1	|	11	|	1	|	0	|	1	|	0	|	0	|		|
31989	|	204455	|	family	|		|	0	|	1	|	11	|	1	|	0	|	1	|	0	|	0	|		|
32341	|	7215	|	subgenus	|		|	1	|	1	|	1	|	1	|	5	|	1	|	0	|	0	|		|
32346	|	32341	|	species group	|		|	1	|	1	|	1	|	1	|	5	|	1	|	1	|	0	|		|
32351	|	32346	|	species subgroup	|		|	1	|	1	|	1	|	1	|	5	|	1	|	1	|	0	|		|
32443	|	41665	|	infraclass	|		|	10	|	1	|	1	|	1	|	2	|	1	|	0	|	0	|		|
32519	|	186634	|	subcohort	|		|	10	|	1	|	1	|	1	|	2	|	1	|	0	|	0	|		|
32523	|	1338369	|	no rank	|		|	10	|	1	|	1	|	1	|	2	|	1	|	1	|	0	|		|
32524	|	32523	|	no rank	|		|	10	|	1	|	1	|	1	|	2	|	1	|	1	|	0	|		|
32525	|	40674	|	no rank	|		|	2	|	1	|	1	|	1	|	2	|	1	|	1	|	0	|		|
32561	|	8457	|	no rank	|		|	10	|	1	|	1	|	1	|	2	|	1	|	1	|	0	|		|
33083	|	142796	|	no rank	|		|	1	|	1	|	1	|	1	|	1	|	1	|	0	|	0	|		|
33084	|	555406	|	family	|		|	1	|	1	|	1	|	1	|	1	|	1	|	0	|	0	|		|
33090	|	2759	|	kingdom	|		|	4	|	0	|	1	|	1	|	1	|	1	|	0	|	0	|		|
33154	|	2759	|	no rank	|		|	4	|	0	|	1	|	1	|	1	|	1	|	1	|	0	|		|
33208	|	33154	|	kingdom	|		|	1	|	0	|	1	|	1	|	1	|	1	|	0	|	0	|		|
33213	|	6072	|	no rank	|		|	1	|	1	|	1	|	1	|	5	|	1	|	1	|	0	|		|
33317	|	33213	|	no rank	|		|	1	|	1	|	1	|	1	|	5	|	1	|	1	|	0	|		|
33340	|	7496	|	infraclass	|		|	1	|	1	|	1	|	1	|	5	|	1	|	0	|	0	|		|
33392	|	33340	|	cohort	|		|	1	|	1	|	1	|	1	|	5	|	1	|	0	|	0	|		|
33511	|	33213	|	no rank	|		|	1	|	1	|	1	|	1	|	5	|	1	|	1	|	0	|		|
33630	|	2759	|	no rank	|		|	1	|	0	|	1	|	1	|	4	|	0	|	0	|	0	|		|
33634	|	2759	|	no rank	|		|	4	|	0	|	1	|	1	|	1	|	1	|	0	|	0	|		|
35237	|	10239	|	no rank	|		|	9	|	1	|	1	|	1	|	0	|	1	|	0	|	0	|		|
35493	|	33090	|	phylum	|		|	4	|	1	|	1	|	1	|	1	|	1	|	0	|	0	|		|
35500	|	9845	|	infraorder	|		|	2	|	1	|	1	|	1	|	2	|	1	|	0	|	0	|		|
35802	|	235	|	no rank	|		|	0	|	1	|	11	|	1	|	0	|	1	|	1	|	0	|		|
36734	|	6032	|	family	|		|	4	|	1	|	1	|	1	|	1	|	1	|	0	|	0	|		|
36855	|	234	|	species	|	BC	|	0	|	1	|	11	|	1	|	0	|	1	|	1	|	0	|		|
37567	|	41197	|	no rank	|		|	1	|	1	|	1	|	1	|	5	|	1	|	0	|	0	|		|
37569	|	104431	|	superfamily	|		|	1	|	1	|	1	|	1	|	5	|	1	|	0	|	0	|		|
38820	|	4734	|	order	|		|	4	|	1	|	1	|	1	|	1	|	1	|	0	|	0	|		|
39107	|	10066	|	subfamily	|		|	6	|	1	|	1	|	1	|	2	|	1	|	0	|	0	|		|
39743	|	137992	|	genus	|		|	9	|	1	|	1	|	1	|	0	|	1	|	0	|	0	|		|
39947	|	4530	|	no rank	|		|	4	|	1	|	1	|	1	|	1	|	1	|	1	|	0	|		|
40119	|	10780	|	subfamily	|		|	9	|	1	|	1	|	1	|	0	|	1	|	0	|	0	|		|
40121	|	40119	|	genus	|		|	9	|	1	|	1	|	1	|	0	|	1	|	0	|	0	|		|
40674	|	32524	|	class	|		|	2	|	0	|	1	|	1	|	2	|	1	|	0	|	0	|		|
41191	|	7088	|	suborder	|		|	1	|	1	|	1	|	1	|	5	|	1	|	0	|	0	|		|
41196	|	41191	|	infraorder	|		|	1	|	1	|	1	|	1	|	5	|	1	|	1	|	0	|		|
41197	|	41196	|	parvorder	|		|	1	|	1	|	1	|	1	|	5	|	1	|	1	|	0	|		|
41665	|	186623	|	subclass	|		|	10	|	1	|	1	|	1	|	2	|	1	|	0	|	0	|		|
41666	|	8292	|	superorder	|		|	10	|	1	|	1	|	1	|	2	|	1	|	0	|	0	|		|
41705	|	1489388	|	no rank	|		|	10	|	1	|	1	|	1	|	2	|	1	|	0	|	0	|		|
41827	|	43786	|	superfamily	|		|	1	|	1	|	1	|	1	|	5	|	1	|	0	|	0	|		|
41944	|	91836	|	order	|		|	4	|	1	|	1	|	1	|	1	|	1	|	0	|	0	|		|
43733	|	7203	|	infraorder	|		|	1	|	1	|	1	|	1	|	5	|	1	|	0	|	0	|		|
43738	|	480117	|	no rank	|		|	1	|	1	|	1	|	1	|	5	|	1	|	1	|	0	|		|
43741	|	43738	|	no rank	|		|	1	|	1	|	1	|	1	|	5	|	1	|	1	|	0	|		|
43746	|	43741	|	superfamily	|		|	1	|	1	|	1	|	1	|	5	|	1	|	0	|	0	|		|
43786	|	7148	|	infraorder	|		|	1	|	1	|	1	|	1	|	5	|	1	|	1	|	0	|		|
43817	|	7157	|	subfamily	|		|	1	|	1	|	1	|	1	|	5	|	1	|	0	|	0	|		|
43845	|	7214	|	subfamily	|		|	1	|	1	|	1	|	1	|	5	|	1	|	1	|	0	|		|
44456	|	3939	|	species	|	OE	|	4	|	1	|	1	|	1	|	1	|	1	|	1	|	0	|		|
44689	|	5782	|	species	|	DD	|	1	|	1	|	1	|	1	|	1	|	1	|	1	|	0	|		|
46877	|	43845	|	tribe	|		|	1	|	1	|	1	|	1	|	5	|	1	|	1	|	0	|		|
49266	|	3011	|	species	|	FV	|	4	|	1	|	1	|	1	|	1	|	1	|	1	|	0	|		|
49274	|	4107	|	subgenus	|		|	4	|	1	|	1	|	1	|	1	|	1	|	0	|	0	|		|
50557	|	6960	|	class	|		|	1	|	1	|	1	|	1	|	5	|	1	|	0	|	0	|		|
53541	|	7158	|	subgenus	|		|	1	|	1	|	1	|	1	|	5	|	1	|	0	|	0	|		|
55879	|	2301119	|	superfamily	|		|	1	|	1	|	1	|	1	|	5	|	1	|	0	|	0	|		|
55885	|	6243	|	subfamily	|		|	1	|	1	|	1	|	1	|	5	|	1	|	0	|	0	|		|
58023	|	3193	|	no rank	|		|	4	|	1	|	1	|	1	|	1	|	1	|	0	|	0	|		|
58024	|	78536	|	no rank	|		|	4	|	1	|	1	|	1	|	1	|	1	|	0	|	0	|		|
71239	|	91835	|	order	|		|	4	|	1	|	1	|	1	|	1	|	1	|	0	|	0	|		|
71240	|	1437183	|	no rank	|		|	4	|	1	|	1	|	1	|	1	|	1	|	0	|	0	|		|
71274	|	1437201	|	no rank	|		|	4	|	1	|	1	|	1	|	1	|	1	|	0	|	0	|		|
71275	|	1437201	|	no rank	|		|	4	|	1	|	1	|	1	|	1	|	1	|	0	|	0	|		|
72025	|	91835	|	order	|		|	4	|	1	|	1	|	1	|	1	|	1	|	0	|	0	|		|
75702	|	3689	|	species	|	PE	|	4	|	1	|	1	|	1	|	1	|	1	|	1	|	0	|		|
75739	|	5796	|	order	|		|	1	|	1	|	1	|	1	|	4	|	1	|	0	|	0	|		|
77643	|	1763	|	species group	|		|	0	|	1	|	11	|	1	|	0	|	1	|	0	|	0	|		|
78536	|	58023	|	no rank	|		|	4	|	1	|	1	|	1	|	1	|	1	|	1	|	0	|		|
85007	|	1760	|	order	|		|	0	|	1	|	11	|	1	|	0	|	1	|	0	|	0	|		|
85009	|	1760	|	order	|		|	0	|	1	|	11	|	1	|	0	|	1	|	0	|	0	|		|
85512	|	50557	|	no rank	|		|	1	|	1	|	1	|	1	|	5	|	1	|	1	|	0	|		|
85604	|	33392	|	superorder	|		|	1	|	1	|	1	|	1	|	5	|	1	|	1	|	0	|		|
85636	|	44456	|	subspecies	|	OE	|	4	|	1	|	1	|	1	|	1	|	1	|	1	|	0	|		|
88770	|	1206794	|	no rank	|		|	1	|	1	|	1	|	1	|	5	|	1	|	1	|	0	|		|
89593	|	7711	|	subphylum	|		|	10	|	0	|	1	|	1	|	2	|	0	|	0	|	0	|		|
91061	|	1239	|	class	|		|	0	|	1	|	11	|	1	|	0	|	1	|	0	|	0	|		|
91561	|	314145	|	no rank	|		|	2	|	1	|	1	|	1	|	2	|	1	|	0	|	0	|		|
91827	|	71240	|	no rank	|		|	4	|	1	|	1	|	1	|	1	|	1	|	0	|	0	|		|
91835	|	71275	|	no rank	|		|	4	|	1	|	1	|	1	|	1	|	1	|	0	|	0	|		|
91836	|	71275	|	no rank	|		|	4	|	1	|	1	|	1	|	1	|	1	|	0	|	0	|		|
91882	|	71274	|	no rank	|		|	4	|	1	|	1	|	1	|	1	|	1	|	0	|	0	|		|
91888	|	71274	|	no rank	|		|	4	|	1	|	1	|	1	|	1	|	1	|	0	|	0	|		|
100953	|	10508	|	genus	|		|	9	|	1	|	1	|	1	|	0	|	1	|	0	|	0	|		|
102804	|	4210	|	subfamily	|		|	4	|	1	|	1	|	1	|	1	|	1	|	0	|	0	|		|
102814	|	911341	|	tribe	|		|	4	|	1	|	1	|	1	|	1	|	1	|	0	|	0	|		|
104431	|	37567	|	no rank	|		|	1	|	1	|	1	|	1	|	5	|	1	|	1	|	0	|		|
112252	|	4751	|	no rank	|		|	4	|	1	|	1	|	1	|	4	|	1	|	0	|	0	|		|
117570	|	7776	|	no rank	|		|	10	|	1	|	1	|	1	|	2	|	1	|	1	|	0	|		|
117571	|	117570	|	no rank	|		|	10	|	1	|	1	|	1	|	2	|	1	|	0	|	0	|		|
118882	|	356	|	family	|		|	0	|	1	|	11	|	1	|	0	|	1	|	0	|	0	|		|
119089	|	6231	|	class	|		|	1	|	1	|	1	|	1	|	5	|	1	|	0	|	0	|		|
119195	|	119197	|	superorder	|		|	10	|	1	|	1	|	1	|	2	|	1	|	0	|	0	|		|
119197	|	119203	|	no rank	|		|	10	|	1	|	1	|	1	|	2	|	1	|	0	|	0	|		|
119203	|	7778	|	infraclass	|		|	10	|	1	|	1	|	1	|	2	|	1	|	1	|	0	|		|
131221	|	35493	|	subphylum	|		|	4	|	1	|	1	|	1	|	1	|	1	|	1	|	0	|		|
131567	|	1	|	no rank	|		|	8	|	1	|	1	|	1	|	0	|	1	|	1	|	0	|		|
137992	|	35237	|	family	|		|	9	|	1	|	1	|	1	|	0	|	1	|	0	|	0	|		|
142796	|	554915	|	no rank	|		|	1	|	1	|	1	|	1	|	1	|	1	|	0	|	0	|		|
147367	|	359160	|	subfamily	|		|	4	|	1	|	1	|	1	|	1	|	1	|	0	|	0	|		|
147368	|	359160	|	subfamily	|		|	4	|	1	|	1	|	1	|	1	|	1	|	0	|	0	|		|
147369	|	147370	|	subfamily	|		|	4	|	1	|	1	|	1	|	1	|	1	|	0	|	0	|		|
147370	|	4479	|	no rank	|		|	4	|	1	|	1	|	1	|	1	|	1	|	0	|	0	|		|
147380	|	147367	|	tribe	|		|	4	|	1	|	1	|	1	|	1	|	1	|	0	|	0	|		|
147389	|	1648038	|	tribe	|		|	4	|	1	|	1	|	1	|	1	|	1	|	0	|	0	|		|
147429	|	1648033	|	tribe	|		|	4	|	1	|	1	|	1	|	1	|	1	|	0	|	0	|		|
147537	|	716545	|	subphylum	|		|	4	|	1	|	1	|	1	|	4	|	1	|	0	|	0	|		|
147538	|	716545	|	subphylum	|		|	4	|	1	|	1	|	1	|	4	|	1	|	0	|	0	|		|
147550	|	715989	|	class	|		|	4	|	1	|	1	|	1	|	4	|	1	|	0	|	0	|		|
163735	|	2233855	|	tribe	|		|	4	|	1	|	1	|	1	|	1	|	1	|	0	|	0	|		|
163743	|	2233839	|	tribe	|		|	4	|	1	|	1	|	1	|	1	|	1	|	0	|	0	|		|
167487	|	4056	|	subfamily	|		|	4	|	1	|	1	|	1	|	1	|	1	|	0	|	0	|		|
167498	|	167487	|	tribe	|		|	4	|	1	|	1	|	1	|	1	|	1	|	0	|	0	|		|
171638	|	3745	|	subfamily	|		|	4	|	1	|	1	|	1	|	1	|	1	|	0	|	0	|		|
176652	|	10487	|	species	|	II	|	9	|	1	|	1	|	1	|	0	|	1	|	1	|	0	|		|
186623	|	7898	|	class	|		|	10	|	1	|	1	|	1	|	2	|	1	|	1	|	0	|		|
186625	|	1489341	|	no rank	|		|	10	|	1	|	1	|	1	|	2	|	1	|	1	|	0	|		|
186626	|	32519	|	no rank	|		|	10	|	1	|	1	|	1	|	2	|	1	|	1	|	0	|		|
186627	|	186626	|	superorder	|		|	10	|	1	|	1	|	1	|	2	|	1	|	1	|	0	|		|
186634	|	186625	|	cohort	|		|	10	|	1	|	1	|	1	|	2	|	1	|	1	|	0	|		|
186801	|	1239	|	class	|		|	0	|	1	|	11	|	1	|	0	|	1	|	0	|	0	|		|
186802	|	186801	|	order	|		|	0	|	1	|	11	|	1	|	0	|	1	|	0	|	0	|		|
186820	|	1385	|	family	|		|	0	|	1	|	11	|	1	|	0	|	1	|	0	|	0	|		|
189830	|	1146872	|	no rank	|		|	9	|	1	|	1	|	1	|	0	|	1	|	1	|	0	|		|
197562	|	197563	|	no rank	|		|	1	|	1	|	1	|	1	|	5	|	1	|	1	|	0	|		|
197563	|	6656	|	no rank	|		|	1	|	1	|	1	|	1	|	5	|	1	|	1	|	0	|		|
201174	|	1783272	|	phylum	|		|	0	|	1	|	11	|	1	|	0	|	1	|	0	|	0	|		|
204455	|	28211	|	order	|		|	0	|	1	|	11	|	1	|	0	|	1	|	0	|	0	|		|
207598	|	9604	|	subfamily	|		|	5	|	1	|	1	|	1	|	2	|	1	|	1	|	0	|		|
222543	|	147550	|	subclass	|		|	4	|	1	|	1	|	1	|	4	|	1	|	0	|	0	|		|
224914	|	644337	|	no rank	|		|	0	|	1	|	11	|	1	|	0	|	1	|	1	|	0	|		|
233413	|	1765	|	no rank	|		|	0	|	1	|	11	|	1	|	0	|	1	|	1	|	0	|		|
237561	|	5476	|	no rank	|		|	4	|	1	|	12	|	1	|	4	|	1	|	1	|	0	|		|
238069	|	3688	|	tribe	|		|	4	|	1	|	1	|	1	|	1	|	1	|	0	|	0	|		|
241778	|	4037	|	subfamily	|		|	4	|	1	|	1	|	1	|	1	|	1	|	0	|	0	|		|
241789	|	241778	|	tribe	|		|	4	|	1	|	1	|	1	|	1	|	1	|	0	|	0	|		|
241799	|	241789	|	subtribe	|		|	4	|	1	|	1	|	1	|	1	|	1	|	0	|	0	|		|
262014	|	8353	|	subgenus	|		|	10	|	1	|	1	|	1	|	2	|	1	|	0	|	0	|		|
262698	|	35802	|	no rank	|		|	0	|	1	|	11	|	1	|	0	|	1	|	1	|	0	|		|
272626	|	1642	|	no rank	|		|	0	|	1	|	11	|	1	|	0	|	1	|	1	|	0	|		|
284813	|	6035	|	no rank	|		|	4	|	1	|	1	|	1	|	1	|	1	|	1	|	0	|		|
314145	|	1437010	|	superorder	|		|	2	|	1	|	1	|	1	|	2	|	1	|	0	|	0	|		|
314146	|	1437010	|	superorder	|		|	2	|	1	|	1	|	1	|	2	|	1	|	0	|	0	|		|
314147	|	314146	|	no rank	|		|	2	|	1	|	1	|	1	|	2	|	1	|	0	|	0	|		|
314293	|	376913	|	infraorder	|		|	5	|	1	|	1	|	1	|	2	|	1	|	1	|	0	|		|
314294	|	9526	|	superfamily	|		|	5	|	1	|	1	|	1	|	2	|	1	|	1	|	0	|		|
314295	|	9526	|	superfamily	|		|	5	|	1	|	1	|	1	|	2	|	1	|	1	|	0	|		|
337687	|	1963758	|	no rank	|		|	6	|	1	|	1	|	1	|	2	|	1	|	0	|	0	|		|
345201	|	10491	|	species	|	II	|	9	|	1	|	1	|	1	|	0	|	1	|	1	|	0	|		|
359160	|	4479	|	no rank	|		|	4	|	1	|	1	|	1	|	1	|	1	|	0	|	0	|		|
359391	|	235	|	no rank	|		|	0	|	1	|	11	|	1	|	0	|	1	|	1	|	0	|		|
364270	|	4036	|	suborder	|		|	4	|	1	|	1	|	1	|	1	|	1	|	1	|	0	|		|
376913	|	9443	|	suborder	|		|	5	|	1	|	1	|	1	|	2	|	1	|	0	|	0	|		|
418103	|	5820	|	subgenus	|		|	1	|	1	|	1	|	1	|	4	|	1	|	0	|	0	|		|
422676	|	5794	|	class	|		|	1	|	1	|	1	|	1	|	4	|	1	|	0	|	0	|		|
423054	|	75739	|	suborder	|		|	1	|	1	|	1	|	1	|	4	|	1	|	0	|	0	|		|
424551	|	4070	|	subfamily	|		|	4	|	1	|	1	|	1	|	1	|	1	|	0	|	0	|		|
424554	|	4070	|	subfamily	|		|	4	|	1	|	1	|	1	|	1	|	1	|	0	|	0	|		|
424562	|	424554	|	tribe	|		|	4	|	1	|	1	|	1	|	1	|	1	|	0	|	0	|		|
424574	|	424551	|	tribe	|		|	4	|	1	|	1	|	1	|	1	|	1	|	0	|	0	|		|
430066	|	235	|	no rank	|		|	0	|	1	|	11	|	1	|	0	|	1	|	1	|	0	|		|
436486	|	8492	|	no rank	|		|	10	|	1	|	1	|	1	|	2	|	1	|	0	|	0	|		|
436489	|	436486	|	no rank	|		|	10	|	1	|	1	|	1	|	2	|	1	|	0	|	0	|		|
436491	|	436489	|	no rank	|		|	10	|	1	|	1	|	1	|	2	|	1	|	0	|	0	|		|
436492	|	436491	|	no rank	|		|	10	|	1	|	1	|	1	|	2	|	1	|	0	|	0	|		|
444178	|	236	|	no rank	|		|	0	|	1	|	11	|	1	|	0	|	1	|	1	|	0	|		|
451864	|	4751	|	subkingdom	|		|	4	|	1	|	1	|	1	|	4	|	1	|	0	|	0	|		|
470137	|	645170	|	no rank	|		|	0	|	1	|	11	|	1	|	0	|	1	|	1	|	0	|		|
475327	|	7089	|	subfamily	|		|	1	|	1	|	1	|	1	|	5	|	1	|	0	|	0	|		|
480117	|	480118	|	no rank	|		|	1	|	1	|	1	|	1	|	5	|	1	|	1	|	0	|		|
480118	|	43733	|	no rank	|		|	1	|	1	|	1	|	1	|	5	|	1	|	1	|	0	|		|
483179	|	36855	|	no rank	|		|	0	|	1	|	11	|	1	|	0	|	1	|	1	|	0	|		|
504568	|	8015	|	subfamily	|		|	10	|	1	|	1	|	1	|	2	|	1	|	0	|	0	|		|
554915	|	2759	|	no rank	|		|	1	|	1	|	1	|	1	|	1	|	1	|	0	|	0	|		|
555406	|	554915	|	no rank	|		|	1	|	1	|	1	|	1	|	1	|	1	|	0	|	0	|		|
561443	|	10497	|	no rank	|		|	9	|	1	|	1	|	1	|	0	|	1	|	1	|	0	|		|
561444	|	10497	|	no rank	|		|	9	|	1	|	1	|	1	|	0	|	1	|	1	|	0	|		|
561445	|	10497	|	no rank	|		|	9	|	1	|	1	|	1	|	0	|	1	|	1	|	0	|		|
569578	|	33634	|	no rank	|		|	4	|	1	|	1	|	1	|	1	|	1	|	0	|	0	|		|
607660	|	9604	|	subfamily	|		|	5	|	1	|	1	|	1	|	2	|	1	|	1	|	0	|		|
644337	|	29459	|	no rank	|		|	0	|	1	|	11	|	1	|	0	|	1	|	1	|	0	|		|
645170	|	29461	|	no rank	|		|	0	|	1	|	11	|	1	|	0	|	1	|	1	|	0	|		|
648237	|	10798	|	no rank	|		|	9	|	1	|	1	|	1	|	0	|	1	|	1	|	0	|		|
654924	|	10493	|	no rank	|		|	9	|	1	|	1	|	1	|	0	|	1	|	1	|	0	|		|
715989	|	716546	|	no rank	|		|	4	|	1	|	1	|	1	|	4	|	1	|	1	|	0	|		|
716545	|	4890	|	no rank	|		|	4	|	1	|	1	|	1	|	4	|	1	|	1	|	0	|		|
716546	|	147538	|	no rank	|		|	4	|	1	|	1	|	1	|	4	|	1	|	1	|	0	|		|
721789	|	171638	|	tribe	|		|	4	|	1	|	1	|	1	|	1	|	1	|	0	|	0	|		|
766764	|	4892	|	family	|		|	4	|	1	|	1	|	1	|	3	|	1	|	0	|	0	|		|
862507	|	10088	|	subgenus	|		|	6	|	1	|	1	|	1	|	2	|	1	|	0	|	0	|		|
911341	|	102804	|	no rank	|		|	4	|	1	|	1	|	1	|	1	|	1	|	0	|	0	|		|
980083	|	3700	|	tribe	|		|	4	|	1	|	1	|	1	|	1	|	1	|	0	|	0	|		|
1003878	|	3650	|	tribe	|		|	4	|	1	|	1	|	1	|	1	|	1	|	0	|	0	|		|
1056966	|	43817	|	tribe	|		|	1	|	1	|	1	|	1	|	5	|	1	|	0	|	0	|		|
1110380	|	3615	|	subfamily	|		|	4	|	1	|	1	|	1	|	1	|	1	|	0	|	0	|		|
1110383	|	1110380	|	tribe	|		|	4	|	1	|	1	|	1	|	1	|	1	|	0	|	0	|		|
1146872	|	100953	|	species	|	SA	|	9	|	1	|	1	|	1	|	0	|	1	|	1	|	0	|		|
1184124	|	721789	|	subtribe	|		|	4	|	1	|	1	|	1	|	1	|	1	|	0	|	0	|		|
1206794	|	33317	|	no rank	|		|	1	|	1	|	1	|	1	|	5	|	1	|	0	|	0	|		|
1280412	|	5794	|	class	|		|	1	|	1	|	1	|	1	|	4	|	1	|	0	|	0	|		|
1307775	|	1307796	|	tribe	|		|	4	|	1	|	1	|	1	|	1	|	1	|	0	|	0	|		|
1307796	|	1804623	|	subfamily	|		|	4	|	1	|	1	|	1	|	1	|	1	|	0	|	0	|		|
1329799	|	32561	|	no rank	|		|	10	|	1	|	1	|	1	|	2	|	1	|	0	|	0	|		|
1338369	|	8287	|	no rank	|		|	10	|	1	|	1	|	1	|	2	|	1	|	1	|	0	|		|
1437010	|	9347	|	no rank	|		|	2	|	1	|	1	|	1	|	2	|	1	|	1	|	0	|		|
1437180	|	58024	|	no rank	|		|	4	|	1	|	1	|	1	|	1	|	1	|	1	|	0	|		|
1437183	|	3398	|	no rank	|		|	4	|	1	|	1	|	1	|	1	|	1	|	1	|	0	|		|
1437197	|	4447	|	subclass	|		|	4	|	1	|	1	|	1	|	1	|	1	|	1	|	0	|		|
1437201	|	91827	|	no rank	|		|	4	|	1	|	1	|	1	|	1	|	1	|	0	|	0	|		|
1446380	|	3313	|	order	|		|	4	|	1	|	1	|	1	|	1	|	1	|	0	|	0	|		|
1462606	|	3846	|	subgenus	|		|	4	|	1	|	1	|	1	|	1	|	1	|	0	|	0	|		|
1489341	|	32443	|	no rank	|		|	10	|	1	|	1	|	1	|	2	|	1	|	1	|	0	|		|
1489388	|	186625	|	cohort	|		|	10	|	1	|	1	|	1	|	2	|	1	|	1	|	0	|		|
1498435	|	167498	|	subtribe	|		|	4	|	1	|	1	|	1	|	1	|	1	|	0	|	0	|		|
1511900	|	40121	|	species	|	PE	|	9	|	1	|	1	|	1	|	0	|	1	|	1	|	0	|		|
1535325	|	766764	|	no rank	|		|	4	|	1	|	1	|	1	|	3	|	1	|	0	|	0	|		|
1535326	|	1535325	|	genus	|		|	4	|	1	|	1	|	1	|	3	|	1	|	0	|	0	|		|
1549675	|	8825	|	superorder	|		|	10	|	1	|	1	|	1	|	2	|	1	|	0	|	0	|		|
1585427	|	3934	|	subfamily	|		|	4	|	1	|	1	|	1	|	1	|	1	|	0	|	0	|		|
1585432	|	1585427	|	tribe	|		|	4	|	1	|	1	|	1	|	1	|	1	|	0	|	0	|		|
1639119	|	5819	|	family	|		|	1	|	1	|	1	|	1	|	4	|	1	|	0	|	0	|		|
1648017	|	147389	|	subtribe	|		|	4	|	1	|	1	|	1	|	1	|	1	|	0	|	0	|		|
1648021	|	147380	|	subtribe	|		|	4	|	1	|	1	|	1	|	1	|	1	|	0	|	0	|		|
1648029	|	147429	|	subtribe	|		|	4	|	1	|	1	|	1	|	1	|	1	|	0	|	0	|		|
1648033	|	147369	|	no rank	|		|	4	|	1	|	1	|	1	|	1	|	1	|	0	|	0	|		|
1648038	|	147368	|	no rank	|		|	4	|	1	|	1	|	1	|	1	|	1	|	0	|	0	|		|
1783272	|	2	|	no rank	|		|	0	|	1	|	11	|	1	|	0	|	1	|	1	|	0	|		|
1803519	|	3543	|	subgenus	|		|	4	|	1	|	1	|	1	|	1	|	1	|	0	|	0	|		|
1804623	|	3524	|	family	|		|	4	|	1	|	1	|	1	|	1	|	1	|	0	|	0	|		|
1866885	|	1762	|	genus	|		|	0	|	1	|	11	|	1	|	0	|	1	|	0	|	0	|		|
1873447	|	4038	|	no rank	|		|	4	|	1	|	1	|	1	|	1	|	1	|	0	|	0	|		|
1963758	|	9989	|	suborder	|		|	6	|	1	|	1	|	1	|	2	|	1	|	0	|	0	|		|
2017756	|	10486	|	subfamily	|		|	9	|	1	|	1	|	1	|	0	|	1	|	0	|	0	|		|
2017757	|	10486	|	subfamily	|		|	9	|	1	|	1	|	1	|	0	|	1	|	0	|	0	|		|
2058185	|	2058949	|	family	|		|	1	|	1	|	1	|	1	|	1	|	1	|	0	|	0	|		|
2058949	|	33083	|	order	|		|	1	|	1	|	1	|	1	|	1	|	1	|	0	|	0	|		|
2212966	|	6209	|	species group	|		|	1	|	1	|	1	|	1	|	9	|	1	|	0	|	0	|		|
2231382	|	2231393	|	no rank	|		|	4	|	1	|	1	|	1	|	1	|	1	|	0	|	0	|		|
2231393	|	3814	|	no rank	|		|	4	|	1	|	1	|	1	|	1	|	1	|	0	|	0	|		|
2233838	|	2231382	|	no rank	|		|	4	|	1	|	1	|	1	|	1	|	1	|	0	|	0	|		|
2233839	|	2233838	|	no rank	|		|	4	|	1	|	1	|	1	|	1	|	1	|	0	|	0	|		|
2233855	|	2231382	|	no rank	|		|	4	|	1	|	1	|	1	|	1	|	1	|	0	|	0	|		|
2301116	|	6236	|	suborder	|		|	1	|	1	|	1	|	1	|	5	|	1	|	0	|	0	|		|
2301119	|	2301116	|	infraorder	|		|	1	|	1	|	1	|	1	|	5	|	1	|	0	|	0	|		|
